%YAML:1.0
---
calibration_time: "Tue 28 Oct 2022 04:02:02 PM EDT"
image_width: 1280
image_height: 720
flags: 0
camera_matrix: !!opencv-matrix
  rows: 3
  cols: 3
  dt: d
  data: [ 1659.3723, 0., 639.5, 0.,
        1659.3723, 359.5, 0., 0., 1. ]
distortion_coefficients: !!opencv-matrix
  rows: 1
  cols: 5
  dt: d
  data: [ 0.218045, -1.38621,
          0, 0,
          0 ]
avg_reprojection_error: 2.43174
